age	CO2
-0.05103	368.0224879
-0.048	361.7807366
-0.046279272	359.6477932
-0.044405642	357.1067397
-0.04308	353.9466853
-0.042313517	353.7242358
-0.041134817	352.4163084
-0.0399714	350.8086522
-0.039407968	349.8002704
-0.038966335	349.2784146
-0.038069512	347.5974056
-0.037208592	345.441206
-0.036616016	344.7177686
-0.036143228	343.9736768
-0.03576218	343.1107521
-0.034916753	342.0519764
-0.03307685	341.3292967
-0.033025919	339.4604885
-0.02914259	334.8485555
-0.02679675	335.5469535
-0.02667037	332.3689555
-0.025570921	332.3656863
-0.024133413	331.5498057
-0.022088334	328.415888
-0.022041018	330.3504422
-0.020872682	326.3093257
-0.020656302	326.6491948
-0.02063715	324.9059937
-0.020221683	324.5570617
-0.019423218	324.7060576
-0.018984371	325.0771759
-0.018813869	324.0855174
-0.018538749	320.3806508
-0.016789044	320.4923554
-0.016545235	322.1747797
-0.015866012	320.9815664
-0.015297878	319.1950596
-0.015226349	319.8929363
-0.013564496	319.123473
-0.013200018	319.0660644
-0.01261528	318.6110626
-0.012542092	317.4481355
-0.012395341	319.1381732
-0.012321916	317.521628
-0.0117159	316.5926101
-0.010568662	318.2065804
-0.010314045	313.0933881
-0.009092696	311.9838924
-0.008562971	316.33402
-0.008102786	316.1014029
-0.007872424	314.5721663
-0.007257539	315.2703546
-0.007203374	316.3253802
-0.007103747	314.4370578
-0.0061572	315.3420739
-0.004795965	314.7139613
-0.003791544	313.171057
-0.003713937	312.8003638
-0.003558561	312.2227408
-0.002383918	312.1844627
-0.0002509	312.0017776
0.000331528	313.6602846
0.001225945	309.6939936
0.002293513	311.57095
0.003336603	310.3629002
0.00337314	312.8663621
0.004384161	312.5596868
0.00444278	311.9671347
0.004612611	311.8114965
0.00503719	310.4402044
0.005235677	311.2775835
0.005490957	310.2243096
0.006426352	312.3616402
0.007792659	311.8780536
0.007964587	312.843733
0.008220302	312.3939386
0.009160585	311.8022677
0.009245991	307.7386636
0.010031	309.800915
0.010408173	310.9510867
0.010777515	311.2117943
0.011032277	310.4566675
0.0118384	308.4798278
0.011870148	311.9410288
0.01213212	311.5205097
0.012233307	312.3293255
0.013136786	307.4076932
0.014126642	309.3446869
0.014290543	307.2585986
0.014943699	306.3197984
0.016123575	309.6306261
0.016406951	307.0755443
0.017219076	305.9440282
0.017462701	308.2791992
0.017706396	308.2555622
0.019170306	305.7409187
0.020613674	305.3808267
0.0212564	305.7829415
0.021460693	305.7053722
0.0218432	305.6678685
0.02220354	308.0187419
0.024686957	304.9691568
0.025251619	304.7159147
0.027163117	306.1986243
0.027494958	303.1815383
0.030292219	301.8758604
0.031331601	304.6132073
0.032125412	303.8522213
0.034213969	301.9151507
0.035607004	300.7000887
0.03748486	301.2977262
0.038714986	299.2572775
0.038904612	297.7268154
0.039284149	298.106247
0.040235231	297.8691068
0.041476092	301.5041354
0.0442258	299.6268629
0.044456437	297.3282186
0.044649196	299.0235966
0.046093475	295.9913578
0.048298125	295.6106368
0.049821649	294.2207216
0.051057595	297.0473645
0.05134284	295.2814575
0.056243675	293.8088307
0.056341179	293.1665417
0.0569397	295.3164627
0.057121604	294.8594308
0.057609481	295.1719293
0.060131058	290.9175394
0.060992519	292.3423879
0.062605533	294.3417875
0.064399871	288.1157637
0.0658201	289.2265988
0.066208528	289.7624132
0.067077646	292.4639348
0.070049416	287.7707292
0.073094783	289.3281311
0.07626202	291.5581975
0.077173622	286.6550967
0.079955314	286.3257815
0.080343878	287.9864944
0.081585087	289.5361449
0.0822696	287.9922513
0.083256112	285.0522923
0.085871618	286.6541582
0.087021444	285.3533188
0.088165519	287.1745622
0.091155959	286.6330756
0.093379672	283.1621007
0.095281619	285.5655772
0.096291725	288.0544375
0.098894353	285.4658309
0.099173	288.7903954
0.099737618	284.001634
0.1026782	286.8392375
0.104095109	283.6198857
0.105345346	283.182872
0.10553889	283.5311237
0.106706787	281.5814826
0.109171843	283.6545457
0.1132998	284.151984
0.1168228	283.8203923
0.117126224	285.0861667
0.1230777	285.9089399
0.125255	281.3603653
0.1363403	284.4312876
0.1506636	282.7995519
0.1535285	280.4044367
0.1540565	282.3047107
0.1559035	281.617118
0.1697001	273.073717
0.1705109	280.2362982
0.1765445	277.8559525
0.1863032	276.396102
0.1871218	277.1556866
0.1978706	278.0020011
0.1980684	276.4573287
0.2008801	277.6000739
0.2087428	276.809
0.216128	278.3109425
0.2269926	277.0133098
0.2271356	278.2701102
0.2559336	277.3580509
0.2602586	276.3246168
0.2681057	276.6596678
0.3009031	278.0152295
0.3101855	276.6872123
0.3214007	273.7807623
0.3405392	271.1090305
0.3465814	275.0665778
0.3590094	279.3568611
0.3618233	281.1089282
0.3769871	282.5698275
0.3901371	281.8290415
0.4003525	283.5296826
0.4203243	283.9478904
0.4484714	283.1247804
0.4806032	280.3125047
0.5008362	282.2265804
0.5211956	279.7256959
0.5391394	279.6965499
0.5596679	280.9115788
0.6011501	278.3621212
0.61988	284.0676433
0.6425528	281.578409
0.6718032	278.4312489
0.6904929	282.1992861
0.6987306	282.4131105
0.739045	283.6882892
0.7501886	284.5400442
0.7840184	283.9659747
0.8037131	284.5105844
0.8343911	282.8416314
0.8505902	283.0944583
0.8797973	282.844416
0.90082294	280.9667443
0.90992083	280.9161702
0.93072784	280.0645297
0.93242209	279.7987034
0.96734583	278.7402402
0.99234736	277.4071684
1.03587184	280.1055259
1.0745898	279.4204406
1.12767222	278.6230032
1.15689504	279.7246992
1.18770454	279.2937108
1.2195665	279.9902637
1.24875007	277.0989409
1.28082364	278.454968
1.31300077	279.5880502
1.33547544	277.8697161
1.36759231	276.1960375
1.39253167	278.4608976
1.39837838	276.5590465
1.43204389	276.7895191
1.46186806	277.1056915
1.51306166	279.9999147
1.54363545	279.1252091
1.56577312	277.2469179
1.59266644	277.7953778
1.63245421	281.6921389
1.65439543	280.9089599
1.67555608	280.2444922
1.68390469	278.3143999
1.7093986	280.2490872
1.77546638	277.5558921
1.79646924	278.0719954
1.814	278.1
1.846	277.5
1.894	277.4
1.92	277.9
1.949	276.7
1.999709091	278
2.093359091	276.9
2.234235273	276.7
2.265549333	276.7
2.414316667	277.6
2.52612497	277.9
2.628015758	273.9
2.708475455	278.9
2.801760667	275.3
2.904546909	274.7
2.948816303	276.3
3.056604242	274.6
3.255728182	276.3
3.283661576	273.1
3.431119273	274
3.528287879	275
3.644462727	273.4
3.693407697	273
3.80685697	271.5
3.856166364	275.4
3.968950606	274.9
4.108666727	271.7
4.205842364	271.6
4.275076667	272.8
4.342822424	271.5
4.494362424	271.1
4.592819273	269.1
4.647462909	269.8
4.773001515	271.5
4.921201818	270.7
4.981579879	269.3
5.086789939	268.6
5.218566182	269.8
5.311175758	267.6
5.357548545	265.3
5.533289576	265.2
5.581297333	267.6
5.757606364	265.9
5.852259636	265.5
5.934091455	260.7
5.999376061	266.7
6.089807879	265.5
6.301963333	263.2
6.337206909	262.7
6.401244848	261.2
6.572291576	261.1
6.682545394	259.4
6.769652545	262.1
6.880308667	262.9
6.970077394	258.1
7.038269879	257.6
7.188070303	262.3
7.27401	263
7.405323818	260.7
7.497865394	258.4
7.661366364	260.1
7.719591515	260.4
7.860181636	259.7
7.926365394	259.2
7.975853939	260.8
8.116284242	259.6
8.194798788	259.3
8.351876727	258.3
8.459675758	261.3
8.546579091	260.7
8.710678182	261.8
8.781282364	259
8.911853879	260.9
8.992985758	260.4
9.060173939	259.3
9.143012848	262
9.295308848	263.7
9.36111697	263.8
9.436703455	265.2
9.51805903	260.6
9.524439455	260.9
9.555863939	263
9.573266606	263.8
9.901037879	264.4
9.992609576	264.2
10.13450303	264
10.19295455	263.4
10.29955455	265.7
10.36655576	264.9
10.50555152	267.5
10.68048	266.9
10.80180909	266
10.83574364	265.1
10.95447879	267.6
11.08961576	264.8
11.16106364	264.8
11.18587091	265
11.20057636	265.3
11.25656788	264.4
11.31697879	264.1
11.339371	264.8062515
11.383156	264.8396344
11.399861	268.1638828
11.417453	264.4831387
11.435931	270.1434591
11.453064	268.8694824
11.472799	269.0965825
11.490446	267.1659883
11.507225	267.6634444
11.523934	269.5087268
11.543596	266.8975316
11.559612	262.7402713
11.576406	267.092646
11.592243	260.7019638
11.611307	261.3035571
11.628966	266.2202092
11.647924	257.1342933
11.664542	247.5528587
11.682818	254.6155973
11.701438	253.9908969
11.719717	256.0430609
11.74065	255.890869
11.759212	258.7419682
11.780723	258.2494701
11.802789	258.5305805
11.8205	257.1687108
11.843327	254.3101747
11.863118	253.62958
11.883166	251.5617445
11.904912	255.8965753
11.926956	258.574987
11.948086	248.9157021
11.969551	253.9931438
11.990691	255.3912978
12.015895	247.8506416
12.037316	248.4071332
12.058796	253.0980369
12.079849	251.0313866
12.105248	255.6570402
12.124583	253.0191365
12.146495	251.1387999
12.168481	251.4242804
12.190414	250.9681626
12.21134	249.6533401
12.232921	249.2318206
12.256477	248.9517462
12.280774	249.3772106
12.301036	248.9240191
12.321276	250.7315437
12.343121	246.9665079
12.365281	244.3094196
12.388308	243.0039985
12.409378	246.4034369
12.431925	247.6702385
12.454817	245.828192
12.47539	246.1791753
12.495838	244.4228225
12.52135	246.7361604
12.543717	249.9226267
12.564615	244.2749693
12.586604	247.0186642
12.607644	248.0915191
12.629853	246.9432776
12.653637	243.9483
12.673897	242.5290443
12.697141	244.2425219
12.7198	241.5919394
12.739914	247.2987801
12.762577	240.0194404
12.785627	241.4960201
12.80927	242.2333502
12.830152	242.1466121
12.852706	239.3450171
12.873977	241.2383064
12.893384	239.4354294
12.917105	238.7942419
12.939228	238.1767071
12.959751	240.7072617
12.980883	237.1480182
13.001057	239.4187762
13.021916	234.6771144
13.043693	238.8648011
13.066591	237.9090254
13.088223	241.5552999
13.128448	234.8172846
13.17267	236.9100647
13.216195	239.4098937
13.266965	240.4197734
13.304149	236.8602209
13.418103	237.8262926
13.486737	240.2542736
13.531749	235.8255291
13.600809	243.8597984
13.645346	238.5474752
13.712826	241.5913913
13.75873	241.1149041
13.827204	239.0843507
13.871566	237.9515852
13.940228	240.5703386
14.001788	235.9195826
14.022859	237.8687866
14.060093	241.269165
14.084472	232.8800062
14.120057	236.3980598
14.156604	239.2381868
14.179551	239.3606478
14.205559	238.3613364
14.237445	236.5950353
14.273024	240.2122954
14.298717	239.0367768
14.308608	235.8013722
14.343156	242.0789189
14.354483	238.3900589
14.374989	240.3252352
14.410597	242.5463916
14.422234	242.604603
14.443283	240.9489026
14.463583	238.6134573
14.497209	242.0553866
14.520852	241.1441164
14.531297	243.1737729
14.541662	235.8323421
14.552933	241.7298076
14.563518	239.8599977
14.575933	239.7650381
14.586185	237.9659544
14.595468	235.3095142
14.606209	237.5863296
14.619389	237.9707238
14.629987	240.1020213
14.645202	238.1159241
14.652256	234.622083
14.664087	233.4167859
14.675119	234.3354185
14.686374	237.492439
14.696689	228.9069485
14.706958	228.1794674
14.718124	230.5296191
14.730883	234.5366891
14.743189	231.4750143
14.758515	227.9025821
14.763412	224.6441299
14.776283	227.3927297
14.787831	227.7853621
14.799135	228.5025021
14.810614	227.5760817
14.822391	226.5069056
14.83475	228.4041873
14.844772	227.8736319
14.857525	233.1674386
14.869177	232.2212331
14.880662	227.8515067
14.892457	230.6301424
14.904212	228.7152896
14.915908	228.3587951
14.92902	228.469793
14.953662	228.8902955
14.976478	229.7867258
14.987256	227.6509859
15.01148	228.3650655
15.034777	225.3808352
15.072534	228.9948075
15.09581	234.4744689
15.133528	229.6716066
15.156516	228.8057322
15.181113	227.8435848
15.218875	230.1833981
15.243443	228.2658596
15.280741	225.7716291
15.320944	227.643061
15.345237	228.91652
15.382846	225.3879517
15.410078	224.7431162
15.462934	223.2710403
15.546395	223.5305343
15.64943	222.7583451
15.704787	222.1576434
15.767681	224.8571802
15.844953	222.3646872
15.920254	223.5107393
15.936522	223.768191
15.995492	223.7224507
15.998978	224.4079902
16.01467	222.3932787
16.033783	224.4802221
16.083	224.2423601
16.114135	222.4115118
16.151209	224.8625785
16.166707	226.19088
16.187461	221.4898463
16.208708	227.3244742
16.222957	223.2363153
16.240564	220.4851709
16.260727	218.5638246
16.278743	214.2212289
16.296958	212.8436751
16.317429	214.5978425
16.337251	212.4297077
16.354228	214.8309479
16.374888	211.2133503
16.391886	209.5081041
16.410706	212.9488854
16.431323	211.7934498
16.458381	217.1872261
16.472034	213.9380168
16.509932	207.9470734
16.553509	208.650109
16.590012	208.4614276
16.655879	213.1546924
16.733528	210.2493948
16.797545	205.5254888
16.869315	205.1850919
16.928831	202.9290477
16.994774	204.3247383
17.091847	202.1012164
17.163698	198.6310893
17.236245	198.2941754
17.287896	195.8757391
17.311873	194.6514132
17.360496	190.5028434
17.385299	193.0202134
17.410026	191.8856674
17.434971	190.7573981
17.460991	193.0004923
17.485291	191.4761143
17.510868	191.5857344
17.534589	192.3704753
17.561459	192.6236484
17.586251	196.9632882
17.612004	195.7903929
17.637878	193.2102062
17.665057	194.3760035
17.691214	191.5189594
17.717049	189.5231391
17.74375	190.4114564
17.769713	191.7049631
17.797574	187.2525634
17.825432	191.207399
17.854603	189.5176343
17.880995	190.2606132
17.907158	191.723791
17.935988	188.542157
17.965825	188.656499
17.992042	188.9556833
18.02445	187.7853114
18.050092	187.7267727
18.081597	188.6407209
18.110627	188.590446
18.139755	184.8751082
18.173163	189.0114574
18.201792	185.6483772
18.232181	188.8775085
18.264682	188.5215344
18.295805	189.0320853
18.324393	187.1210723
18.360352	188.731575
18.391159	188.2127161
18.422425	188.4698499
18.457829	187.446881
18.486591	187.0879475
18.519994	187.6657005
18.582943	188.5706082
18.677396	193.9029437
18.747045	191.2709927
18.803635	192.9746062
18.835152	188.4364689
18.866913	188.4991758
18.993816	192.709914
19.152786	191.0855049
19.282155	191.584282
19.442725	191.5166185
19.568151	188.9530391
19.629493	191.4187653
19.791188	193.6006393
19.883882	196.0551518
20.018696	193.7230209
20.213307	190.4730177
20.407601	189.990225
20.536804	193.925954
20.666489	187.7613088
20.828392	192.657502
20.964428	190.8707841
21.06769	188.4011718
21.212702	190.0517829
21.345184	187.2427817
21.562853	185.2260526
21.790593	187.9571767
21.913629	190.7825044
22.055594	187.3811396
22.230886	191.2705276
22.2922	187.2242115
22.3476	187.0216472
22.5501	184.6792182
22.6041	185.2074945
22.6508	188.4866056
22.7493	190.0135889
22.8336	186.1336889
22.994	189.3973396
23.0138	190.5300755
23.1073	190.0805015
23.185	188.6041093
23.2767	197.671885
23.3584	193.5328204
23.4452	186.7793563
23.6005	187.9853592
23.8738	183.1294475
24.0777	184.6823772
24.2698	186.7268949
24.6436	180.5655168
25.1636	180.6936999
25.3511	182.6604169
25.5436	183.3789183
25.786	186.5411615
26.016	184.5181517
26.2545	184.5716824
26.315	183.7673068
26.4607	186.0128248
26.5371	185.5131814
26.7037	185.4366044
26.8578	186.4311476
26.9549	188.0846282
27.042	187.3935686
27.0848	186.271359
27.1702	194.928153
27.2801	190.0614572
27.4419	191.9531337
27.5028	191.2337979
27.5497	191.5337588
27.5864	191.9535006
27.6613	191.4600117
27.687	192.7123708
27.7141	190.6078691
27.7186	189.3045239
27.8207	187.5863925
27.8664	190.5849616
27.885	189.2784906
27.9271	188.986349
27.9732	189.2867873
28.0973	189.9575797
28.2141	191.8161376
28.2716	191.5941938
28.3697	192.6338987
28.4139	189.1567444
28.4269	189.6458702
28.5774	193.1001042
28.6264	192.8154243
28.7243	193.8025076
28.8419	193.8897968
28.9027	192.6875899
28.9486	193.2594033
29.0089	192.8724797
29.1507	192.2643386
29.2053	188.096683
29.2496	192.3914167
29.3239	191.0119519
29.3661	189.8287064
29.4102	189.2132558
29.6092	189.2425185
29.6812	189.7728047
29.7428	191.284412
29.8378	190.9669245
29.9521	191.3754967
29.999	191.567341
30.1015	188.2467784
30.1817	188.4753165
30.2779	186.5173877
30.3127	185.9886464
30.4005	184.2981804
30.5288	182.9360816
30.713	187.1432812
30.7757	190.3322228
31.1052	187.9995635
31.3564	188.4753253
31.5241	189.946865
31.7921	193.7128385
31.8184	192.927643
31.9339	192.5071548
32.0269	193.3257604
32.0796	193.9050276
32.1475	196.4166559
32.1506	196.908055
32.3079	192.4651878
32.3612	195.2472448
32.4348	194.1104295
32.5111	194.6068297
32.5946	194.4295743
32.6778	195.080127
32.7141	195.9386128
32.8131	199.3023192
32.8809	196.701816
33.009	196.3260964
33.1483	197.6460048
33.4175	196.8962289
33.4914	197.1252633
33.5553	197.7997564
33.7581	200.0310664
33.841	195.6271483
33.8857	195.2662324
33.9075	194.4606041
33.9259	194.4702732
33.957	196.47192
33.9915	195.4109157
34.0642	195.9317588
34.1903	194.8874767
34.2508	195.7913335
34.3128	196.2666133
34.3344	196.201852
34.5569	199.6474819
34.6026	199.4889296
34.62	200.2924224
34.6478	198.8917124
34.7106	197.1613049
34.8256	202.795647
34.8668	203.0917776
35.0896	198.7828308
35.1658	203.6005086
35.2817	205.3761847
35.337	204.4670621
35.3594	203.6185257
35.383	201.3576929
35.4458	200.2987555
35.4971	201.0630555
35.5085	202.0412667
35.5307	201.8866004
35.568	201.8276294
35.6725	201.8131026
35.7016	200.5019756
35.8546	203.2886587
35.9483	198.7999445
36.0865	204.1230145
36.1731	201.7797825
36.2618	200.0916462
36.5063	198.9617645
36.5918	205.1023926
36.6696	203.7695176
36.7128	203.7543231
36.8202	202.7603346
36.9398	203.5143458
37.0234	206.3568576
37.1186	210.1571748
37.1432	207.3458468
37.2965	208.2519091
37.302	209.6563918
37.3381	206.586571
37.431	212.5055287
37.4613	209.8366778
37.6186	214.295899
37.6475	212.135906
37.7772	212.0924136
37.895	214.2064208
38.0003	211.2134252
38.0885	214.3603926
38.1656	208.3350597
38.1924	206.5229252
38.2842	207.411157
38.3592	207.9997797
38.4128	210.7947524
38.4729	207.2301826
38.5332	210.0786906
38.5736	208.2332726
38.6218	204.7919056
38.6708	204.4555539
38.7234	206.543994
38.8126	206.0857876
38.8747	205.6509899
38.9556	205.9880896
38.9768	202.3448524
39.0536	204.2829889
39.1205	207.3235852
39.2657	208.6850913
39.3032	209.4956419
39.3199	209.3264563
39.3398	207.8680804
39.3794	204.7773758
39.4029	191.5315634
39.4544	198.1385036
39.5154	200.4029739
39.621	195.7015925
39.7092	196.6742707
39.7571	193.5813542
39.885	193.8730989
39.9005	197.5525073
40.0427	192.5956556
40.1121	193.0813143
40.1453	193.6903119
40.3084	197.904549
40.48594648	201.322686
40.55344	201.4844525
40.7543	200.4661596
40.9073886	200.966198
41.16790404	201.5320304
41.3035942	204.1853976
41.6059736	205.4900664
41.7592075	201.124349
41.9006868	199.8905658
42.3158175	200.8960917
42.6283001	204.8267435
42.849867	206.3541547
42.9680782	204.2604784
43.171885	203.1620719
43.3506625	201.664624
43.51582055	204.2219504
43.66115755	203.1809191
43.80901	201.6896729
44.09519615	204.3059191
44.2044464	201.9967901
44.350465	206.2215635
44.4905025	204.8261548
44.655535	212.2853728
44.8160105	210.4383494
44.996157	211.4870757
45.142015	207.9533487
45.2803875	213.9182294
45.4603224	214.5013713
45.696055	217.5118697
45.87710855	222.7174679
46.0573338	221.7721745
46.181255	219.2468729
46.3085475	218.3488824
46.635902	216.4166322
46.7464378	214.1828462
46.887935	210.8376323
47.086275	210.2720271
47.3149762	207.5966069
47.5243569	204.2599351
47.71039	203.7878949
47.9437511	205.6596509
48.22318175	206.182083
48.42786	200.9751439
48.98795265	201.5786292
49.3029804	200.1200432
49.46265525	204.0580379
49.728315	203.8713291
50.00651	204.3767601
50.2205469	206.7440269
50.52741475	207.4099903
51.0291701	207.6364359
51.4314466	211.5708471
51.77953	215.0771298
52.08681985	213.8178172
52.3847809	219.082541
52.573676	220.7236107
52.8007425	221.147906
53.1082525	223.717214
53.40045315	223.2619903
53.80625205	221.1379091
54.1566032	220.3743648
54.387125	217.9567383
54.6946125	213.8870139
55.01448765	216.8579027
55.29345915	208.1935057
55.55313	214.776644
55.9095374	210.2748745
56.2371294	207.6741131
56.5035825	212.4366913
57.21094265	215.696527
57.476265	217.3763244
57.8437247	223.7182925
58.2170123	224.3533977
58.43332	223.1485504
59.10506915	231.2935761
59.380405	226.3532918
59.73346935	223.4548161
60.10988307	216.6606808
60.37305923	212.8709103
60.5166315	217.2531323
60.81761723	213.7789541
61.06087747	207.9542585
61.23484403	210.5677071
61.5541108	210.9034029
61.9007233	206.3768852
62.55200602	202.5567478
62.77457333	202.7086782
62.96089567	200.1481332
63.55579267	197.4034359
63.89687993	197.2423664
64.11377897	199.7280299
64.65729413	203.6954667
64.8674226	201.6702794
65.04672067	199.1708057
65.5464465	208.9757824
65.7645127	198.1736043
65.93723267	200.5910835
66.4393055	204.3859977
66.95971067	207.2052246
67.3145875	201.1418996
67.7296785	203.7588046
68.1461885	200.1704381
68.61999347	203.4254725
69.0815285	205.4203591
69.59201713	211.2583878
70.0521648	215.5508132
70.42726267	220.3266112
70.92887217	225.1721591
71.27916903	235.0157701
71.69365023	237.5634446
72.09281487	239.4563537
72.49015	232.7908655
72.86604367	232.3347611
73.21931633	230.8909584
73.75095567	232.7350796
74.22148233	231.3339802
74.525645	241.2403946
75.0679515	243.2700059
75.54513367	249.5236775
75.8506505	249.9395724
76.24747217	239.3414054
76.696736	238.0131729
77.0564805	231.6834444
77.615915	224.9179538
78.080753	226.6471708
78.50795	224.1427524
78.96954013	227.2993455
79.410363	229.255335
79.877758	234.7426829
80.3303625	230.6005848
80.7217855	233.9230178
81.2069425	230.32954
81.711431	234.1341644
82.0687905	238.8889658
82.5267192	240.8729549
82.988261	246.3224641
83.55411217	247.1003682
83.9409	250.7874532
84.3574385	243.1607277
84.936769	238.4231035
85.36746933	234.6861033
85.89069383	228.763042
86.49832453	223.3774166
87.027636	221.0556106
87.58118	223.629744
88.13618	217.800963
88.7010496	223.9894141
89.244716	227.3783735
89.69625753	228.8783456
90.317294	229.7373815
90.834015	231.5586505
91.44503067	231.1207564
91.949738	233.7418403
92.6678175	232.4556887
93.4247096	235.1600042
93.82321367	238.2070953
94.56854833	242.4063602
95.234114	242.9141172
95.92148317	246.1964653
96.47488033	245.7647295
97.270891	242.354066
97.9274645	239.8585
98.583724	243.1798878
99.36142233	242.9897129
100.0768497	245.6255779
100.5431783	247.8721131
101.325675	244.7624246
101.971885	240.0715355
102.7647767	237.0732756
103.30874	240.6840721
104.2743333	247.7616293
104.3312291	238.88
104.9664455	242.36
105.5071485	248.78
105.9898727	257.58
106.2563758	241.4
106.3682545	244.83
106.9748182	240.34
108.4019091	236.43
109.1294182	244.44
109.8399697	244.13
110.5553636	246.69
111.8768	257.93
112.6360606	256.79
112.9417273	263.12
113.1192697	264.75
113.6786364	260.58
114.25	267.9
114.8153939	275.07
115.4466727	276.96
115.9085758	273.16
116.4755758	273.63
117.1855545	274.03
117.6193636	274.98
118.6582697	277.72
119.2425152	267.74
119.7155	274.59
120.1441212	268.73
120.5429091	276.82
121.4260152	279.48
121.8419697	276.61
122.1000018	278.25
122.2923636	279
123.0139545	279.16
123.6309091	274.6
123.9594848	275.87
124.4045152	281.54
124.8174545	275.52
125.2926333	276.81
126.013703	275.15
126.6999091	273.02
126.9620303	274.93
127.3138303	275.78
127.5035497	276.88
128.0244764	276.03
128.1726667	280.72
128.4667273	285.76
128.878	271.08
129.0780364	268.44
129.6556364	260.61
130.3730303	251.84
130.8183636	250.84
131.3222	241.13
131.9762424	232.28
132.7098788	228
132.9319576	224.63
133.7758061	222.74
134.5222788	212.43
136.5655455	203.74
137.7634242	199.18
138.834297	198.55
139.9499697	192.75
142.3605618	196.51
143.6513	194.59
144.7995909	196.02
146.1082436	193.59
148.2334655	195.81
149.4661455	201.78
150.5948848	202.51
151.4448545	202.35
153.7746576	198.78
154.8891273	196.3
156.3068182	189.38
158.666	189
159.716	185.5
160.155	187.5
163.858	204.3
164.33465	196.5
166.143	191.6
166.784	190.1
167.9141	186.7
168.7455	183.8
169.5144	196.6
171.939	197.8
174.442	197.7
175.83335	196
176.853	190.3
177.533925	189.4
177.7295	190.1
179.873	207.7
181.302	213.2
182.196	217.7
183.258	198.1
184.371	199.7
186.411	203.4
188.437	210.7
189.8065	231.3
191.2545	231.4
191.964075	220.3
193.0745	218
195.1265	226.5
195.7995	220
197.58735	226.4
198.32745	241.2
198.938	242.6
201.752	250.9
202.7445	239.1
203.842	247.6
205.203275	244.4
205.575755	231.9
205.944575	232.2
206.359935	228.6
206.89685	226.3
207.2403	229.4
207.62289	231.4
208.108775	238.1
208.274525	237.2
208.82157	230
209.082255	240.5
209.44504	242.2
209.966085	244.6
210.17517	243.9
210.832065	247.2
211.058465	252
211.577835	246.9
212.078745	239.5
212.533075	257.4
213.33035	243.4
214.15881	251.2
215.080745	241.4
215.91234	240.3
216.30615	242.6
216.864965	247.5
217.415635	251.7
217.69496	251.1
218.200785	245.3
219.067605	240.5
220.935615	214.1
221.69746	216.1
222.539575	207.1
223.129035	208.8
224.271505	205.6
226.259825	203.3
226.849835	215.7
227.719975	235.5
228.439415	234.5
228.76699	233.1
229.572045	224.5
231.12966	232.4
232.19177	233.9
232.85606	241.6
235.990855	245.2
236.426005	252.1
236.8508	241.4
237.391655	247.4
237.90553	243.1
238.425335	239.1
239.00826	245.6
239.387035	245.8
239.73866	247.4
240.190365	252.8
241.333045	259.7
241.8554	263.2
242.68546	279
243.13852	280.2
244.121765	263.7
244.582335	252.3
245.05701	249.9
245.564	236.7
246.18881	230.4
246.870485	219.4
249.09987	214.7
251.39057	200.2
252.132255	213.9
252.95372	195.4
253.75668	196.7
254.587105	195.4
256.29866	199
257.060585	201.9
257.908065	204
259.396895	203.9
260.89424	209.6
261.29392	205.7
262.054575	208.9
262.817095	214.6
264.58376	228.1
266.13445	199.9
267.007	211.7
268.25783	188.7
268.9955	187.2
269.94047	194.2
271.036035	198.8
272.14964	184.7
273.16583	190.4
274.164075	193.9
275.154635	194.1
276.257715	198.4
277.443	193.2
278.590905	202.2
279.619045	204.5
280.55895	211
281.40074	215.3
282.59289	223.7
284.43468	231.3
285.93132	228
286.609955	226.4
287.44386	231.4
287.82005	230.4
288.286425	231
290.1845	234.9
290.86379	220.4
291.56287	217.1
292.81831	207.6
293.65074	206
294.45529	206.7
295.364225	212.7
296.828865	213.1
298.704615	217.1
299.37628	224.4
300.115865	231
301.025615	236.1
302.08419	239
303.116	236
304.10092	240.2
305.09981	240.7
305.77815	250.2
306.581115	248.6
307.463265	244.8
308.3257	225.8
309.42373	227.8
310.010975	226.2
310.7761	233.2
311.670025	237.8
312.59343	239
313.343125	241.9
314.05185	251.6
314.83621	256.7
315.657515	257.1
316.45072	246.8
317.14987	272.6
317.932545	251.6
318.852595	245.2
319.82966	233.4
320.916335	255.8
321.817445	249.2
323.383345	257.2
324.166915	260.4
325.007405	260.3
325.823	260.5
326.59109	266.2
327.435835	264
328.08681	266.1
328.77075	270.1
329.41429	271.9
330.053325	275.1
331.29355	265
332.144115	271.7
332.79862	272.6
333.50009	273.1
333.997555	282.4
334.349495	289.1
334.543885	288.4
335.102305	298.6
335.70751	278.1
336.37754	285.8
336.86782	278.6
337.51667	270.5
338.2135	255.7
338.991435	241.9
339.98389	239.6
340.73508	234.2
342.79156	250.1
343.923585	200.7
345.00085	205.2
346.320905	204.8
347.544805	211.9
349.139085	220.3
351.676345	221.1
353.174595	216.2
354.412975	209.4
355.81777	209.2
359.01038	193
360.68384	186.1
362.5676	185.8
365.19023	201.2
368.0659	206.3
371.38587	201.9
373.457615	199.9
375.2046	214.7
377.03488	224.6
378.76024	229.6
382.931485	227
384.557445	240
386.28371	239.1
387.824815	246.8
389.410205	245.8
392.28725	258.1
392.9771515	259.5
394.0036909	273.6
394.906103	260.7
398.2751273	276.3
399.9261636	277.1
400.7100848	283.2
402.1409152	283.1
402.8598364	275.7
404.313297	276.5
405.0626303	280.5
406.5428	279.6
407.282497	285.6
408.8187152	284.5
409.5982364	274.7
410.4538	282.6
411.3479697	283.5
413.2586545	274.9
414.2108606	264.9
415.1795939	271.6
415.9456061	276.4
416.4253152	271.7
417.4404424	273.4
417.9567818	271.8
418.505303	274.6
419.5757818	273.7
420.1337636	271.2
420.7017636	273.8
421.9121455	268.6
422.5326545	266.4
423.225497	270.6
424.5077455	267.7
425.1322606	268.3
425.7409091	270.8
426.2372727	270
426.6215636	265.4
427.1549636	255.3
427.9414	252.1
428.8402	248.2
429.1783636	242.5
431.0237636	219.7
432.1793091	227.2
433.850297	211.5
434.3790727	207.6
435.9396909	209.8
437.4854182	207.5
439.0634182	200.3
440.6595818	201.7
442.2307758	201.3
443.8446485	202
445.3317273	199.1
447.2191818	201.1
448.4591818	203.5
449.5710364	208.1
450.6428909	201.7
451.7472788	201.2
452.7358364	204.9
453.7756424	201.9
454.8643091	198.4
456.0016121	193.3
457.1144364	192.5
457.7451273	199.1
458.2082909	204.3
458.7940061	203.3
459.2115515	208.3
460.2522121	202.4
461.2860606	195.5
462.414103	190.7
463.5266485	194.4
464.5994727	199.9
465.2653636	205.2
465.6017273	210
466.632297	208.1
467.7066424	204.4
468.8777091	203.4
470.0401273	205.5
470.7259758	206.5
471.2007939	215.5
471.8245333	218.7
472.2630667	229.2
472.8632727	232.7
473.2178182	243.7
473.8008485	243.9
474.0923636	245.6
474.9741091	241.2
475.9252	233.1
476.9498	232.8
477.941	236.6
478.8924606	239.1
479.4029515	236.5
479.7756909	231.3
480.328297	220.8
480.7266848	218.8
481.6629636	223.8
482.5809636	223.4
483.3953818	227.3
484.1797879	231.4
484.9361818	231.4
485.6675212	231.2
486.3986727	233
487.1292545	232.9
487.8480667	231.3
488.5654545	237.1
489.3020909	242
489.7197939	240.9
490.0262909	252.8
490.4949091	249.3
490.7339515	242.6
491.4510788	243.3
492.1545455	246.7
492.8637758	243.7
493.5931091	239.7
494.3003939	239.1
495.0241273	238.3
495.7256909	238.5
496.4440667	237.6
497.1876303	236.4
497.9659758	236.5
498.7374182	232.8
499.5267818	230.6
500.3047818	230.8
501.0839636	228.2
501.8614242	230.8
502.6376364	231.2
503.4189273	232
504.1771879	232.2
504.9117818	234.1
505.6842424	233.9
506.4837333	235.5
507.3124	236
508.1177212	238.2
508.9409818	237
509.7849818	240.3
510.6523273	233.4
511.5124485	236.4
512.3637818	235.2
513.2047394	242
514.0331152	238.2
514.8477818	239.2
515.6507758	241.5
516.4209818	243
517.1549818	247.2
517.8760121	246.2
518.6004606	245.5
519.3291273	245.3
520.0733576	247.7
520.8218061	245.5
521.5744727	243.5
523.8018242	241.9
524.5708667	236.8
525.337	235.8
526.107	233.7
526.8958061	230.3
527.6986909	227.8
528.5166909	224.7
529.4034303	222.7
530.2905091	221.2
531.2013818	220.3
532.0787576	220.7
532.5925273	214.5
532.9875697	211.4
533.5543697	204.4
533.9322364	200
534.6681818	195.1
535.0435636	193.8
535.6950545	190.5
536.1784727	199.8
537.3344727	199.4
538.4407636	205
539.5138182	206.4
540.5838182	212.9
541.6538182	211.2
542.7402061	205
543.8448727	203.6
544.8859879	208.1
545.8649091	210.3
546.8301455	209.6
547.8066788	209.7
548.7707758	204.6
549.7201091	202.5
550.2307273	208.8
550.5825455	213.6
551.3810909	215.2
552.1110909	219.9
552.6815636	221.7
553.0209212	222.3
553.2459879	226.3
553.6193939	222.1
553.8086545	220.3
554.4796182	223.6
555.1583455	224.3
555.8423455	226.7
556.4070242	233.9
556.9232909	241
557.1986545	243
557.3850545	249.1
557.6571394	244
557.8382061	250.5
558.1545636	245.6
558.3060182	240.4
558.7776909	238.1
559.3160061	234.5
559.6367636	229.7
559.8726182	230.2
560.4366182	230.3
560.9656	228.3
561.4507394	231.6
561.8880727	231.9
562.3104909	234.6
562.6556	234.1
563.1348545	240.1
563.5357394	242.3
563.927897	245.7
564.3105636	245.8
564.7243576	247.6
565.134297	251.4
565.5389636	252.4
565.8956424	252.6
566.245303	251.4
566.5886364	253.7
566.9183515	254.3
567.2394909	253.9
567.5486545	254.5
567.8848909	253.2
568.2041394	253.9
568.5342364	252.8
568.9301455	253
569.3145939	250.2
569.6839273	251.3
570.0672485	250
570.4634606	251.3
570.8621273	251.8
571.2614424	251.8
571.6333576	249.6
571.9746909	251.6
572.3155	250.3009962
572.6698727	246.3095518
573.0535167	247.6569725
573.47575	249.1861814
573.9130167	248.7207804
574.3646545	251.7666008
574.806	251.8615048
575.2339636	252.0800267
575.6545333	248.863922
576.11285	252.5436976
576.5991	252.8973536
577.1151	251.2965767
577.65385	251.3417253
578.19635	251.0792764
578.74235	249.056869
579.28055	252.9234049
579.8331167	251.4730231
580.2105045	244.1397833
580.4017833	243.8071398
580.8140045	236.1702196
581.11865	230.2553891
581.5465273	225.2070402
581.9283	219.4126581
582.4545273	215.4458665
582.8363	209.8834178
583.5742545	206.6812525
583.9588	210.6390178
586.7208424	223.9576328
587.17185	225.9929311
587.8886682	234.4009291
588.27935	238.7841159
588.9409045	246.346029
589.42535	250.2045646
590.0401455	248.1046424
590.4888	243.5553026
591.0194667	237.3775124
592.3834712	225.6788036
592.7855167	229.3866701
593.5612455	233.1632189
594.0467545	238.1475936
594.8638121	237.9772146
595.4364667	232.9179557
596.2215576	221.2172429
596.7911333	216.4410116
597.8036136	216.2730971
598.32975	219.0222803
599.2182182	225.9716627
599.8146318	229.3814805
601.25515	232.4547892
602.60075	237.8582812
603.94915	239.1401259
605.30315	244.5322516
606.6259091	248.480185
607.9793	254.5783255
609.2473	259.2237979
610.4295	257.7448677
611.5510127	257.8151014
611.6006333	259.6847092
612.7619667	258.1379745
613.9428	256.1935786
615.1406	252.7479748
616.2991164	252.8982584
616.3566	252.7298005
617.6095682	252.6394449
618.95375	248.2889334
620.28375	245.8865879
621.65145	243.5306836
622.9507327	243.8854525
623.05495	239.1923088
624.49695	237.928507
625.3979242	235.0233065
626.0475	228.5122254
626.9694273	215.7096826
627.8301	205.7631073
629.1396182	199.5241646
629.7698527	205.2658218
629.8661	200.7773455
631.5263227	200.4570693
632.3569409	196.4991728
634.0775379	193.0978999
634.8811448	195.9498915
635.0090333	194.8593659
636.5215606	194.0025899
637.7143667	195.3315012
639.4182652	188.8477364
640.37225	190.1777336
642.0746045	191.384257
642.85665	191.5605718
644.3008273	195.3061298
645.15065	195.8204274
646.376947	189.885481
647.25485	191.848061
648.6124182	193.4765987
649.1911	196.1714941
650.3484636	189.2501799
650.9471	193.4431546
652.1042636	187.2748941
652.70895	186.7937683
653.73025	192.8691774
654.43865	194.8160293
655.52435	199.9959534
656.13265	200.3524245
657.1810909	192.9341212
657.6542061	189.2334088
657.722	190.8769406
658.7641	184.0981364
659.29382	187.3800807
659.4119	185.6837858
660.46355	188.4342745
661.11832	193.9700305
661.2159	191.5917035
662.2821773	189.6905842
662.7966095	193.908217
662.87755	190.8610304
663.9375152	191.0224933
664.3204	192.5532136
664.4080909	187.7670323
665.3219394	180.1665971
665.8365212	180.5376818
666.75336	174.7686794
667.4098573	173.7136201
668.4152636	177.714661
668.9155376	180.6705433
669.8192988	187.655537
670.2963188	191.5141319
671.0707455	194.878373
671.4579261	196.8275423
672.1508827	194.7895604
672.7613824	197.1291522
673.6961061	201.1220986
674.2293779	204.6697456
675.0284	211.6914561
675.4065333	216.1224818
676.5307364	222.5748545
677.1523091	219.9623846
677.6007364	216.5907023
678.3281818	218.2097347
678.7416194	220.0862371
679.4553739	229.160458
679.7351745	232.7010242
680.3125848	233.6111136
680.6276079	233.1080061
681.2256733	225.8085582
681.6699267	227.8951603
682.3437121	221.3062639
682.7400858	219.1411842
683.4578635	220.2352187
683.8287524	222.6967128
684.4236818	225.6416021
684.7580591	224.3560777
685.2948436	221.8203547
685.6798655	220.6226141
686.2691091	220.6316642
686.5818109	222.6179258
687.1540442	222.7044405
687.4454973	222.965013
688.0003818	226.7289261
688.3001345	227.6504621
688.8098703	227.6358561
689.1578255	230.6687893
689.6932576	232.0747772
689.9514515	232.2674759
690.4746527	235.8000553
690.7363912	236.4535725
691.2218348	239.2879301
691.4676685	238.4159988
691.9679624	239.3787348
692.3183436	243.5623167
692.8324591	239.2983941
693.0770924	238.4733044
693.574043	243.6995487
693.8212929	237.756008
694.2803485	239.3406333
694.5368242	240.4566923
694.9491382	239.3111317
695.2592618	239.7965338
695.7323091	236.7987348
695.98188	238.7372303
696.4348897	238.0518499
696.6448345	238.132698
697.0902909	239.4354919
697.3424521	238.4199793
697.7466752	239.8847439
698.0390036	241.0299152
698.5055382	240.8990463
698.7532309	241.8320312
699.2157512	238.8636108
699.4390188	239.0095213
699.8647076	239.7264196
700.1036855	237.2061159
700.4850242	236.7173884
700.8148382	236.6070014
701.2685273	235.4215271
701.5245236	232.4560078
701.9931491	230.8847912
702.2009236	232.1621215
702.7342727	232.1824465
703.0099848	230.587829
703.4685218	233.3539062
703.7960732	232.2805206
704.2505218	232.8295885
704.5818055	233.5444872
705.0533442	234.0426968
705.2439091	235.0917249
705.7269518	237.1846803
706.0531982	237.6612315
706.4929518	236.0536914
706.7107395	236.0453403
707.3106973	238.8480697
707.6437255	233.5052881
708.1996806	233.5834734
708.4134485	233.1122849
708.9591515	234.8361606
709.4537879	231.4329713
709.9095455	230.5073599
710.4564545	227.0328227
710.9833564	224.9017353
711.3990436	225.3889691
712.0214655	224.1234469
712.2437273	224.0017437
713.3125	223.8856926
714.0655782	227.6373406
714.403797	227.0831971
715.1157327	223.142628
715.5653764	227.5826982
716.310163	213.5999929
716.5859091	210.5098875
717.3482727	198.4255957
717.9554848	189.8784338
718.7783485	193.460903
719.2871818	200.8234845
720.0872855	212.0305186
720.5907595	217.0426911
721.4075168	219.2003557
721.6898636	218.9569448
722.5058105	216.0967701
722.9945945	212.1080718
723.7802267	212.5454089
724.142	214.0125928
724.9753555	210.4806822
725.4744314	211.4919763
726.2495918	211.0759956
726.5768636	211.4265693
727.8985024	210.0675098
728.5939021	210.2419749
728.9875303	211.0778131
729.8369385	210.0149975
730.2603145	212.1716466
730.9083136	210.1635175
731.1842273	210.7023731
731.861	211.6232109
732.32175	213.7318788
732.9935	208.1143039
733.329	207.720752
734.02223	210.6017427
734.46262	216.1485999
735.1345709	214.6624205
735.4099091	217.8828377
736.1073055	217.194473
736.5222182	213.1440204
737.2698194	206.9201812
737.6601155	204.5191039
738.5809945	191.7441063
739.1745555	185.6096601
740.1064525	185.4023665
740.4609242	183.3925392
741.3299024	184.7670847
741.8741339	189.1426275
742.6447491	188.646642
743.0621697	187.3271928
743.9590764	188.1795998
744.5231418	188.9688197
745.6710455	187.2923244
746.6199261	190.2415493
747.1770376	187.9198816
747.9401958	187.9522843
748.3368809	187.5437569
749.2629345	188.6788749
749.8141787	190.1748369
750.7064409	192.0759224
751.03625	191.2960363
751.9738682	193.5471714
752.5658818	197.495726
753.4890691	195.4338892
753.9346545	203.9027966
755.1145776	199.0460536
755.5868285	203.2996955
756.5661685	208.1036711
756.8506803	209.4450797
757.7854509	213.6113901
758.3624158	218.3519527
759.1356915	222.7200859
759.5618788	226.9430115
759.8782121	223.0236555
760.1082727	225.3736676
760.5160552	225.6158254
760.9399418	222.7085789
761.8644882	216.6408086
762.166043	214.694008
763.1018036	213.9998029
763.7705842	219.9481577
764.6768824	223.8929502
765.1818166	222.9260864
765.5866364	233.6609057
765.8514848	229.4074875
766.1885045	232.1154555
766.8089121	230.6229188
767.7471624	224.864666
768.1172576	223.8179649
769.0613844	221.6409365
769.6514236	225.8663567
770.5991467	230.6269034
771.0206667	229.5642363
771.5193333	236.3189003
771.8126667	234.2405482
772.1752645	239.7120056
772.4745636	243.8852524
772.7379595	246.494568
772.9956364	243.854752
773.2498182	246.0305818
773.6844691	237.7794476
774.0441364	239.2312024
774.9588082	238.3850776
775.5380111	241.7410825
776.3322588	245.3180553
776.782697	248.9234726
777.6817497	247.3032103
778.2327918	252.4555389
779.0579836	254.9270444
779.3675455	254.6895621
780.1889227	254.4321063
780.7194364	252.5212569
781.5628318	257.2103392
781.8866818	251.50919
782.7284497	257.4363037
783.1985297	255.0181764
784.2617559	260.9181501
785.0340824	255.8455403
785.5190509	259.6646238
786.1896018	262.2298083
786.563257	264.3450291
787.3555127	269.3559593
787.8035691	265.9973287
788.47924	257.1989367
788.6918715	257.0184549
789.4940409	238.6409536
789.9530091	235.4857431
790.6394052	227.3777503
791.0568827	230.5501347
792.0307836	224.6857623
792.6173012	214.4503514
793.5193889	213.3577596
793.8527583	218.3926417
795.1224545	208.7893628
795.6873182	204.6175064
796.8525909	198.7924036
797.3788182	197.9087863
798.6812979	200.4894559
801.2360591	198.6836109
802.8720874	198.6572142
803.7092524	202.6471059
803.9252844	202.9217232
804.0098706	207.4986455
804.5226746	204.861938
805.1324423	202.2268391
805.6688684	207.2854401
